1,1,699,314
1,2,126,165
1,3,339,297
1,4,489,19
1,5,777,56
2,1,698,315
2,2,129,166
2,3,340,295
2,4,487,19
2,5,781,57
3,1,696,317
3,2,130,167
3,3,343,297
3,4,487,19
3,5,787,57
4,1,694,319
4,2,130,169
4,3,344,296
4,4,484,19
4,5,790,57
5,1,691,321
5,2,131,169
5,3,345,296
5,4,479,19
5,5,793,57
6,1,689,323
6,2,132,170
6,3,346,295
6,4,479,19
6,5,794,57
7,1,687,324
7,2,136,172
7,3,350,296
7,4,478,19
7,5,793,56
8,1,686,326
8,2,137,173
8,3,347,299
8,4,479,19
8,5,795,56
9,1,686,326
9,2,138,174
9,3,347,299
9,4,479,20
9,5,796,56
10,1,683,328
10,2,139,175
10,3,350,304
10,4,476,20
10,5,796,57
11,1,681,329
11,2,141,176
11,3,354,306
11,4,477,20
11,5,796,58
12,1,679,330
12,2,140,179
12,3,354,309
12,4,474,20
12,5,797,58
13,1,677,331
13,2,140,180
13,3,355,311
13,4,474,20
13,5,802,59
14,1,675,332
14,2,142,182
14,3,358,312
14,4,472,21
14,5,804,60
15,1,674,332
15,2,145,183
15,3,360,313
15,4,472,21
15,5,805,59
16,1,672,332
16,2,146,184
16,3,361,315
16,4,472,21
16,5,807,60
17,1,669,332
17,2,147,182
17,3,363,317
17,4,471,21
17,5,810,59
18,1,665,332
18,2,148,182
18,3,366,320
18,4,470,21
18,5,812,61
19,1,662,332
19,2,151,182
19,3,369,321
19,4,467,21
19,5,815,61
20,1,657,332
20,2,153,182
20,3,371,322
20,4,464,21
20,5,818,61
21,1,651,333
21,2,157,181
21,3,374,324
21,4,462,21
21,5,821,62
22,1,647,333
22,2,160,179
22,3,375,326
22,4,461,21
22,5,822,63
23,1,643,333
23,2,162,179
23,3,376,326
23,4,459,21
23,5,822,63
24,1,638,333
24,2,165,177
24,3,378,325
24,4,452,21
24,5,824,63
25,1,634,331
25,2,164,176
25,3,381,326
25,4,447,22
25,5,826,63
26,1,632,331
26,2,174,177
26,3,384,325
26,4,446,22
26,5,828,63
27,1,629,330
27,2,179,179
27,3,385,325
27,4,448,22
27,5,829,63
28,1,627,330
28,2,182,178
28,3,387,326
28,4,453,22
28,5,835,63
29,1,625,330
29,2,185,180
29,3,387,326
29,4,453,22
29,5,840,63
30,1,623,330
30,2,187,183
30,3,388,325
30,4,453,22
30,5,844,65
31,1,620,331
31,2,189,184
31,3,388,325
31,4,452,22
31,5,847,67
32,1,618,333
32,2,192,185
32,3,389,325
32,4,450,22
32,5,848,70
33,1,617,336
33,2,194,186
33,3,389,324
33,4,450,23
33,5,849,71
34,1,615,338
34,2,196,188
34,3,390,325
34,4,447,23
34,5,849,68
35,1,613,341
35,2,197,190
35,3,391,325
35,4,446,23
35,5,849,67
36,1,611,342
36,2,199,191
36,3,390,325
36,4,445,23
36,5,852,64
37,1,610,343
37,2,199,193
37,3,392,325
37,4,444,23
37,5,855,66
38,1,608,341
38,2,200,193
38,3,392,325
38,4,443,24
38,5,858,64
39,1,606,345
39,2,202,194
39,3,393,326
39,4,442,23
39,5,862,66
40,1,603,345
40,2,202,198
40,3,393,326
40,4,441,23
40,5,865,63
41,1,601,348
41,2,202,200
41,3,394,326
41,4,440,23
41,5,868,63
42,1,598,348
42,2,205,202
42,3,394,329
42,4,439,23
42,5,870,64
43,1,597,348
43,2,205,203
43,3,393,329
43,4,438,23
43,5,871,65
44,1,596,350
44,2,210,204
44,3,394,330
44,4,436,25
44,5,870,65
45,1,592,351
45,2,215,204
45,3,400,334
45,4,434,26
45,5,871,64
46,1,588,353
46,2,214,204
46,3,401,334
46,4,431,26
46,5,875,64
47,1,586,354
47,2,213,206
47,3,403,338
47,4,430,27
47,5,877,64
48,1,583,354
48,2,214,206
48,3,405,340
48,4,414,26
48,5,877,65
49,1,582,354
49,2,216,207
49,3,406,341
49,4,416,26
49,5,878,69
50,1,580,354
50,2,216,207
50,3,406,343
50,4,416,27
50,5,877,69
51,1,579,352
51,2,216,206
51,3,407,344
51,4,415,27
51,5,878,69
52,1,579,351
52,2,216,205
52,3,410,347
52,4,415,26
52,5,880,70
53,1,578,350
53,2,217,205
53,3,412,348
53,4,413,27
53,5,881,70
54,1,578,351
54,2,218,203
54,3,415,348
54,4,412,27
54,5,881,65
55,1,577,350
55,2,221,201
55,3,418,349
55,4,412,27
55,5,881,66
56,1,576,352
56,2,225,201
56,3,420,349
56,4,410,27
56,5,882,66
57,1,564,353
57,2,228,202
57,3,422,350
57,4,408,27
57,5,884,63
58,1,551,353
58,2,236,201
58,3,424,350
58,4,405,26
58,5,886,63
59,1,561,354
59,2,238,201
59,3,427,348
59,4,402,26
59,5,887,63
60,1,564,356
60,2,240,200
60,3,444,348
60,4,399,26
60,5,892,65
61,1,562,357
61,2,242,202
61,3,437,348
61,4,397,27
61,5,900,67
61,6,499,352
62,1,563,358
62,2,240,202
62,3,446,347
62,4,393,26
62,5,903,68
62,6,500,353
63,1,564,360
63,2,242,202
63,3,445,347
63,4,390,26
63,5,903,67
63,6,500,353
64,1,562,362
64,2,241,206
64,3,449,349
64,4,386,26
64,5,905,67
64,6,500,353
65,1,560,364
65,2,242,208
65,3,450,349
65,4,383,26
65,5,907,67
65,6,501,354
66,1,558,366
66,2,243,208
66,3,450,349
66,4,382,27
66,5,912,66
66,6,501,354
67,1,556,368
67,2,242,211
67,3,448,349
67,4,385,27
67,5,916,65
67,6,501,354
68,1,554,369
68,2,243,213
68,3,447,349
68,4,386,27
68,5,915,65
68,6,501,355
69,1,552,371
69,2,247,212
69,3,446,349
69,4,385,27
69,5,914,64
69,6,502,355
70,1,551,373
70,2,247,217
70,3,444,349
70,4,382,27
70,5,918,66
70,6,502,356
71,1,550,374
71,2,250,222
71,3,443,350
71,4,380,27
71,5,921,68
71,6,502,356
72,1,547,375
72,2,251,223
72,3,441,351
72,4,380,27
72,5,923,68
72,6,503,356
73,1,545,376
73,2,257,224
73,3,439,352
73,4,378,28
73,5,920,69
73,6,503,357
74,1,544,377
74,2,259,225
74,3,437,353
74,4,379,27
74,5,921,70
74,6,503,357
75,1,542,377
75,2,260,225
75,3,436,355
75,4,376,27
75,5,923,70
75,6,504,357
76,1,540,377
76,2,261,225
76,3,434,359
76,4,375,27
76,5,926,71
76,6,504,358
77,1,538,377
77,2,262,225
77,3,433,361
77,4,374,27
77,5,928,71
77,6,504,358
78,1,536,376
78,2,264,225
78,3,430,362
78,4,372,27
78,5,934,71
78,6,505,358
79,1,531,377
79,2,265,224
79,3,428,361
79,4,371,27
79,5,936,71
79,6,505,359
80,1,527,377
80,2,269,224
80,3,425,362
80,4,368,27
80,5,941,72
80,6,505,359
81,1,524,377
81,2,270,224
81,3,424,364
81,4,367,28
81,5,945,75
81,6,506,360
82,1,519,377
82,2,275,224
82,3,420,366
82,4,364,28
82,5,948,77
82,6,506,360
83,1,511,376
83,2,279,220
83,3,414,369
83,4,364,28
83,5,951,78
83,6,506,360
84,1,505,375
84,2,288,221
84,3,413,369
84,4,360,29
84,5,952,80
84,6,506,361
85,1,500,375
85,2,296,222
85,3,406,370
85,4,356,30
85,5,953,81
85,6,507,361
86,1,496,375
86,2,298,223
86,3,402,371
86,4,351,30
86,5,953,82
86,6,507,361
87,1,494,375
87,2,299,222
87,3,398,371
87,4,348,30
87,5,954,78
87,6,507,362
88,1,492,375
88,2,300,221
88,3,394,369
88,4,346,30
88,5,956,77
88,6,508,362
89,1,489,376
89,2,325,221
89,3,392,369
89,4,350,30
89,5,959,79
89,6,508,362
90,1,489,377
90,2,332,221
90,3,389,370
90,4,352,30
90,5,962,80
90,6,508,363
91,1,488,380
91,2,336,225
91,3,386,370
91,4,340,30
91,5,967,78
91,6,509,363
92,1,487,380
92,2,336,232
92,3,383,371
92,4,340,30
92,5,968,77
92,6,509,363
93,1,485,382
93,2,336,234
93,3,380,372
93,4,334,31
93,5,969,77
93,6,509,364
94,1,483,383
94,2,335,237
94,3,377,372
94,4,331,31
94,5,973,76
94,6,510,364
95,1,481,386
95,2,334,230
95,3,374,373
95,4,330,31
95,5,976,75
95,6,510,365
96,1,478,388
96,2,332,218
96,3,371,374
96,4,328,32
96,5,978,72
96,6,510,365
97,1,476,390
97,2,331,215
97,3,369,374
97,4,326,32
97,5,980,71
97,6,510,365
98,1,474,391
98,2,329,217
98,3,366,375
98,4,324,31
98,5,984,71
98,6,511,366
98,10,334,256
99,1,472,392
99,2,329,221
99,3,363,375
99,4,323,31
99,5,988,72
99,6,511,366
99,10,308,226
99,11,344,32
100,1,470,394
100,2,329,222
100,3,334,261
100,4,320,31
100,5,992,75
100,6,511,366
100,10,298,213
100,11,344,32
101,1,467,395
101,2,329,223
101,3,332,256
101,4,318,30
101,5,993,79
101,6,512,367
101,10,287,201
101,11,343,32
101,12,982,63
102,1,464,396
102,2,330,227
102,3,332,256
102,4,317,30
102,5,995,79
102,6,512,367
102,10,277,189
102,11,343,32
102,12,985,64
103,1,461,398
103,2,332,228
103,3,332,256
103,4,317,30
103,5,991,80
103,6,512,367
103,10,266,176
103,11,343,32
103,12,987,70
104,1,459,399
104,2,333,228
104,3,332,257
104,4,316,30
104,5,989,81
104,6,513,368
104,10,256,164
104,11,342,32
104,12,989,71
105,1,458,399
105,2,333,233
105,3,332,258
105,4,316,29
105,5,989,83
105,6,513,368
105,10,245,152
105,11,342,32
105,12,990,71
106,1,457,400
106,2,334,231
106,3,332,259
106,4,319,30
106,5,988,82
106,6,513,369
106,10,235,139
106,11,341,32
106,12,992,70
107,1,456,401
107,2,334,230
107,3,333,257
107,4,317,31
107,5,988,84
107,6,514,369
107,10,225,127
107,11,341,32
107,12,994,74
108,1,453,401
108,2,336,231
108,3,330,253
108,4,324,32
108,5,990,86
108,6,514,369
108,10,214,115
108,11,341,32
108,12,995,74
109,1,452,400
109,2,335,232
109,3,328,249
109,4,321,33
109,5,995,88
109,6,514,370
109,10,204,102
109,11,340,32
109,12,998,74
110,1,451,399
110,2,335,229
110,3,325,245
110,4,319,34
110,5,996,90
110,6,514,370
110,10,193,90
110,11,340,32
110,12,999,75
111,1,450,400
111,2,335,231
111,3,331,256
111,4,318,34
111,5,999,92
111,6,515,370
111,10,183,78
111,11,339,32
111,12,1001,76
112,1,446,400
112,2,335,229
112,3,335,258
112,4,320,34
112,5,1002,93
112,6,515,371
112,10,172,65
112,11,339,32
112,12,1003,77
113,1,444,399
113,2,337,229
113,3,338,258
113,4,322,33
113,5,1004,95
113,6,515,371
113,10,162,53
113,11,303,33
113,12,1005,78
114,1,441,399
114,2,337,229
114,3,337,256
114,4,322,34
114,5,1007,95
114,6,516,371
114,10,151,41
114,11,302,33
114,12,1006,79
115,1,437,399
115,2,337,229
115,3,330,259
115,4,322,34
115,5,1008,95
115,6,516,372
115,10,141,29
115,11,303,34
115,12,1008,81
116,1,438,400
116,2,338,229
116,3,328,257
116,4,320,34
116,5,1010,95
116,6,516,372
116,10,131,16
116,11,298,34
116,12,1010,82
117,1,436,400
117,2,339,229
117,3,327,256
117,4,320,34
117,5,1014,95
117,6,517,373
117,10,120,4
117,11,301,34
117,12,1012,83
118,1,434,401
118,2,343,218
118,3,325,254
118,4,320,35
118,5,1016,96
118,6,517,373
118,10,110,-7
118,11,298,34
118,12,1014,84
119,1,430,401
119,2,343,218
119,3,324,252
119,4,316,34
119,5,1018,95
119,6,517,373
119,10,99,-20
119,11,296,34
119,12,1015,85
120,1,427,403
120,2,344,217
120,3,322,251
120,4,314,34
120,5,1019,95
120,6,518,374
120,10,89,-32
120,11,295,34
120,12,1017,86
121,1,425,405
121,2,345,216
121,3,321,249
121,4,311,34
121,5,1020,94
121,6,518,374
121,10,78,-44
121,11,293,34
121,12,1019,87
122,1,423,407
122,2,346,215
122,3,319,248
122,4,310,34
122,5,1021,93
122,10,68,-57
122,11,290,34
122,12,1021,88
123,1,421,408
123,2,347,214
123,3,317,246
123,4,309,34
123,5,1022,95
123,10,57,-69
123,11,285,34
123,12,1022,89
124,1,419,410
124,2,348,213
124,3,316,244
124,4,308,34
124,5,1024,94
124,10,47,-81
124,11,281,34
124,12,1024,90
125,1,417,412
125,2,349,213
125,3,314,243
125,4,307,34
125,5,1025,95
125,10,36,-94
125,11,289,34
125,12,1026,92
126,1,413,413
126,2,350,212
126,3,313,241
126,4,306,34
126,5,1026,93
126,10,26,-106
126,11,290,34
126,12,1028,93
127,1,411,415
127,2,351,211
127,3,311,240
127,4,305,34
127,5,1027,93
127,10,16,-118
127,11,290,34
127,12,1030,94
128,1,410,415
128,2,352,210
128,3,310,238
128,4,304,34
128,5,1026,91
128,10,5,-131
128,11,288,34
128,12,1031,95
129,1,409,416
129,2,353,209
129,3,308,236
129,4,303,34
129,5,1025,91
129,10,-4,-143
129,11,287,34
129,12,1033,96
130,1,408,417
130,2,354,208
130,3,307,235
130,4,302,35
130,5,1025,91
130,10,-15,-155
130,11,283,34
130,12,1035,97
131,1,406,420
131,2,354,208
131,3,305,233
131,4,301,35
131,5,1024,90
131,10,-25,-167
131,11,281,35
131,12,1037,98
131,15,394,278
132,1,402,423
132,2,355,207
132,3,303,231
132,4,299,35
132,5,1024,90
132,10,-36,-180
132,11,276,35
132,12,1038,99
132,15,393,278
133,1,397,425
133,2,371,239
133,3,302,230
133,4,298,35
133,5,1024,93
133,10,-46,-192
133,11,274,35
133,12,1040,100
133,15,393,278
134,1,395,426
134,2,373,240
134,3,300,228
134,4,297,35
134,5,1025,97
134,10,-57,-204
134,11,273,35
134,12,1042,101
134,15,393,278
135,1,395,427
135,2,375,241
135,3,299,227
135,4,296,35
135,5,1026,98
135,10,-67,-217
135,11,272,35
135,12,1044,103
135,15,393,279
136,1,393,427
136,2,379,242
136,3,297,225
136,4,295,35
136,5,1025,88
136,10,-78,-229
136,11,272,36
136,12,1045,104
136,15,393,281
137,1,391,427
137,2,382,243
137,3,296,223
137,4,294,35
137,5,1026,87
137,10,-88,-241
137,11,272,36
137,12,1047,105
137,15,392,281
138,1,389,426
138,2,384,244
138,3,294,222
138,4,293,35
138,5,1028,87
138,10,-98,-254
138,11,272,36
138,12,1049,106
138,15,391,281
139,1,386,426
139,2,392,250
139,3,293,220
139,4,292,35
139,5,1028,88
139,10,-109,-266
139,11,270,36
139,12,1051,107
139,15,393,282
140,1,384,426
140,2,395,251
140,3,291,219
140,4,291,35
140,5,1029,88
140,10,-119,-278
140,11,265,36
140,12,1053,108
140,15,393,282
141,1,381,426
141,2,399,250
141,3,290,217
141,4,290,35
141,5,1032,91
141,10,-130,-291
141,11,264,37
141,12,1054,109
141,15,393,282
142,1,379,426
142,2,404,250
142,3,288,215
142,4,289,36
142,5,1035,104
142,10,-140,-303
142,11,263,37
142,12,1056,110
142,15,400,281
143,1,376,427
143,2,408,248
143,3,286,214
143,4,288,36
143,5,1037,110
143,10,-151,-315
143,11,257,36
143,12,1058,111
143,15,402,281
144,1,374,427
144,2,411,247
144,3,285,212
144,4,287,36
144,5,1038,112
144,10,-161,-328
144,11,260,37
144,12,1060,113
144,15,403,281
145,1,369,425
145,2,417,246
145,3,283,210
145,4,286,36
145,5,1041,113
145,10,-172,-340
145,11,261,37
145,12,1061,114
145,15,412,276
146,1,365,424
146,2,418,244
146,3,282,209
146,4,285,36
146,5,1044,112
146,10,-182,-352
146,11,250,38
146,12,1063,115
146,15,413,274
146,17,629,8
147,1,367,425
147,2,425,243
147,3,280,207
147,4,284,36
147,5,1047,109
147,10,-193,-364
147,11,245,37
147,12,1065,116
147,15,422,273
147,17,629,8
148,1,361,425
148,2,428,243
148,3,279,206
148,4,283,36
148,5,1048,106
148,10,-203,-377
148,11,239,37
148,12,1067,117
148,15,427,264
148,17,628,8
149,1,357,426
149,2,432,244
149,3,277,204
149,4,282,36
149,5,1048,103
149,10,-213,-389
149,11,234,37
149,12,1069,118
149,15,435,269
149,17,627,7
150,1,353,427
150,2,435,244
150,3,276,202
150,4,281,36
150,5,1050,104
150,10,-224,-401
150,11,230,37
150,12,1070,119
150,15,438,269
150,17,627,7
150,18,320,9
151,1,348,430
151,2,439,244
151,3,274,201
151,4,280,36
151,5,1051,104
151,10,-234,-414
151,11,228,38
151,12,1072,120
151,15,441,270
151,17,626,7
151,18,320,9
152,1,342,432
152,2,442,244
152,3,272,199
152,4,246,38
152,5,1053,105
152,10,-245,-426
152,11,240,38
152,12,1074,121
152,15,441,272
152,17,625,7
152,18,319,9
153,1,338,434
153,2,446,244
153,3,271,198
153,4,252,37
153,5,1054,106
153,10,-255,-438
153,11,231,38
153,12,1076,122
153,15,441,273
153,17,625,7
153,18,319,9
154,1,334,435
154,2,450,244
154,3,269,196
154,4,250,38
154,5,1056,106
154,10,-266,-451
154,11,226,38
154,12,1077,124
154,15,440,276
154,17,624,7
154,18,318,9
155,1,331,437
155,2,453,244
155,3,268,194
155,4,249,38
155,5,1057,107
155,10,-276,-463
155,11,224,38
155,12,1079,125
155,15,441,278
155,17,623,7
155,18,317,10
156,1,328,439
156,2,457,245
156,3,266,193
156,4,247,38
156,5,1059,107
156,10,-287,-475
156,11,222,38
156,12,1081,126
156,15,442,279
156,17,623,7
156,18,317,10
157,1,326,441
157,2,460,245
157,3,265,191
157,4,246,38
157,5,1060,108
157,10,-297,-488
157,11,221,37
157,12,1083,127
157,15,444,281
157,17,622,7
157,18,316,10
158,1,324,442
158,2,464,245
158,3,263,189
158,4,244,38
158,5,1062,109
158,10,-308,-500
158,11,221,37
158,12,1085,128
158,15,446,283
158,17,622,7
158,18,315,10
159,1,321,444
159,2,467,245
159,3,262,188
159,4,243,38
159,5,1063,109
159,10,-318,-512
159,11,221,37
159,12,1086,129
159,15,448,285
159,17,621,7
159,18,315,10
160,1,318,446
160,2,471,245
160,3,260,186
160,4,241,38
160,5,1065,110
160,11,218,37
160,12,1088,130
160,15,450,286
160,17,620,7
160,18,314,11
161,1,317,447
161,2,474,245
161,3,259,185
161,4,240,38
161,5,1066,110
161,11,217,37
161,12,1090,131
161,15,451,287
161,17,620,7
161,18,314,11
162,1,314,449
162,2,478,245
162,3,257,183
162,4,238,38
162,5,1068,111
162,11,218,39
162,12,1092,132
162,15,456,289
162,17,617,10
162,18,313,11
163,1,312,450
163,2,481,246
163,3,255,181
163,4,237,38
163,5,1070,111
163,11,212,41
163,12,1093,133
163,15,461,291
163,17,614,10
163,18,312,11
164,1,309,452
164,2,485,246
164,3,254,180
164,4,232,42
164,5,1071,112
164,11,209,43
164,12,1095,135
164,15,465,291
164,17,613,10
164,18,312,12
165,1,307,452
165,2,488,246
165,3,252,178
165,4,230,43
165,5,1073,113
165,11,206,43
165,12,1097,136
165,15,467,291
165,17,612,10
165,18,311,12
166,1,306,452
166,2,492,246
166,3,251,177
166,4,229,43
166,5,1074,113
166,11,209,43
166,12,1099,137
166,15,469,291
166,17,610,10
166,18,310,12
167,1,303,453
167,2,496,246
167,3,249,175
167,4,227,44
167,5,1076,114
167,11,210,43
167,12,1101,138
167,15,471,291
167,17,608,11
167,18,310,12
168,1,302,453
168,2,499,246
168,3,248,173
168,4,225,44
168,5,1077,114
168,11,206,43
168,12,1102,139
168,15,472,290
168,17,607,11
168,18,309,12
169,1,300,453
169,2,503,246
169,3,246,172
169,4,224,44
169,5,1079,115
169,11,202,42
169,12,1104,140
169,15,474,291
169,17,606,11
169,18,309,13
170,1,298,453
170,2,506,247
170,3,245,170
170,4,222,45
170,5,1080,115
170,11,200,43
170,15,475,291
170,17,605,11
170,18,308,13
171,1,295,452
171,2,510,247
171,3,243,169
171,4,220,45
171,5,1082,116
171,11,198,42
171,15,475,290
171,17,604,11
171,18,307,13
172,1,293,451
172,2,513,247
172,3,241,167
172,4,218,45
172,5,1083,117
172,11,196,42
172,15,476,291
172,17,603,11
172,18,307,13
173,1,292,451
173,2,517,247
173,3,240,165
173,4,217,46
173,5,1085,117
173,11,194,42
173,15,477,290
173,17,602,11
173,18,306,13
173,22,599,11
173,23,127,424
174,1,288,451
174,2,520,247
174,3,238,164
174,4,215,46
174,5,1086,118
174,11,193,42
174,15,477,290
174,17,601,12
174,18,306,14
174,22,597,11
174,23,124,425
175,1,286,451
175,2,524,247
175,3,237,162
175,4,213,46
175,5,1088,118
175,11,192,42
175,15,477,290
175,17,600,12
175,18,305,14
175,22,595,13
175,23,123,425
176,1,282,452
176,2,527,247
176,4,212,47
176,5,1089,119
176,11,192,42
176,15,477,289
176,17,599,12
176,18,304,14
176,22,592,12
176,23,121,426
177,1,280,452
177,2,531,248
177,4,210,47
177,5,1091,120
177,11,189,42
177,15,482,289
177,17,598,12
177,18,304,14
177,22,591,11
177,23,120,426
178,1,277,453
178,2,535,248
178,4,208,48
178,5,1092,120
178,11,187,42
178,15,485,290
178,17,597,12
178,18,303,14
178,22,589,10
178,23,119,427
179,1,274,454
179,2,538,248
179,4,206,48
179,5,1094,121
179,11,185,42
179,15,491,291
179,17,596,12
179,18,302,15
179,22,587,10
179,23,117,427
180,1,271,456
180,2,542,248
180,4,205,48
180,5,1095,121
180,11,184,42
180,15,495,292
180,17,595,12
180,18,302,15
180,22,585,10
180,23,116,428
181,1,269,457
181,2,545,248
181,4,203,49
181,5,1097,122
181,11,183,43
181,15,499,294
181,17,594,13
181,18,301,15
181,22,584,10
181,23,115,429
182,1,267,459
182,2,549,248
182,4,201,49
182,5,1098,122
182,11,183,43
182,15,502,295
182,17,593,13
182,18,301,15
182,22,582,10
182,23,101,423
183,1,264,461
183,2,552,248
183,4,200,49
183,5,1100,123
183,11,180,42
183,15,504,297
183,17,592,13
183,18,300,15
183,22,580,10
183,23,98,423
184,1,261,463
184,2,556,249
184,4,198,50
184,5,1102,124
184,11,180,42
184,15,507,299
184,17,591,13
184,18,299,16
184,22,579,10
184,23,95,423
185,1,258,464
185,2,559,249
185,4,196,50
185,5,1103,124
185,11,179,42
185,15,508,301
185,17,590,13
185,18,299,16
185,22,577,10
185,23,93,423
186,1,256,467
186,2,563,249
186,4,194,51
186,5,1105,125
186,11,177,41
186,15,509,302
186,17,589,13
186,18,298,16
186,22,575,9
186,23,89,424
187,1,254,469
187,2,566,249
187,4,193,51
187,5,1106,125
187,11,175,42
187,15,510,304
187,17,588,13
187,18,297,16
187,22,574,9
187,23,84,424
188,1,252,472
188,2,570,249
188,4,191,51
188,5,1108,126
188,11,174,42
188,15,512,306
188,17,587,14
188,18,297,16
188,22,578,12
188,23,81,424
189,1,250,473
189,2,574,249
189,4,182,42
189,5,1109,126
189,11,171,42
189,15,512,309
189,17,586,14
189,18,296,17
189,22,577,13
189,23,78,425
190,1,248,475
190,2,577,249
190,4,180,42
190,5,1111,127
190,11,170,43
190,15,512,311
190,17,584,14
190,18,296,17
190,22,577,13
190,23,75,425
191,1,246,476
191,2,581,250
191,4,187,41
191,5,1112,128
191,11,168,41
191,15,513,312
191,17,583,14
191,18,295,17
191,22,577,13
191,23,72,425
192,1,243,478
192,2,584,250
192,4,184,41
192,5,1114,128
192,11,161,42
192,15,513,313
192,17,582,14
192,18,294,17
192,22,576,13
192,23,69,425
193,1,239,479
193,2,588,250
193,4,182,41
193,5,1115,129
193,11,153,44
193,15,513,313
193,17,581,14
193,18,294,18
193,22,576,13
193,23,66,425
194,1,237,479
194,2,591,250
194,4,181,41
194,5,1117,129
194,11,155,44
194,15,513,313
194,17,580,14
194,18,293,18
194,22,575,14
194,23,63,425
195,1,234,480
195,2,595,250
195,4,180,41
195,5,1118,130
195,11,153,45
195,15,514,306
195,17,579,15
195,18,293,18
195,22,573,14
195,23,60,425
196,1,232,480
196,2,598,250
196,4,179,40
196,5,1120,131
196,11,154,45
196,15,516,311
196,17,578,15
196,18,292,18
196,22,573,14
196,23,57,425
197,1,229,480
197,2,602,250
197,4,177,40
197,5,1121,131
197,11,152,45
197,15,518,312
197,17,577,15
197,18,291,18
197,22,572,14
197,23,54,425
198,1,228,480
198,2,605,251
198,4,176,40
198,5,1123,132
198,11,172,45
198,15,520,313
198,17,576,15
198,18,291,19
198,22,571,14
198,23,51,425
199,1,225,480
199,2,609,251
199,4,175,40
199,5,1124,132
199,11,178,45
199,15,524,313
199,17,575,15
199,18,290,19
199,22,570,14
199,23,49,425
200,1,221,480
200,2,613,251
200,4,173,40
200,5,1126,133
200,11,179,46
200,15,530,313
200,17,574,15
200,18,289,19
200,22,569,15
200,23,46,425
200,24,182,29
201,1,217,481
201,2,616,251
201,4,150,44
201,5,1127,133
201,11,178,45
201,15,534,313
201,17,573,15
201,18,289,19
201,22,568,15
201,23,43,425
201,24,182,29
202,1,214,481
202,2,620,251
202,4,145,45
202,5,1129,134
202,11,179,45
202,15,539,312
202,17,572,16
202,18,288,19
202,22,567,15
202,23,40,425
202,24,182,30
203,1,210,480
203,2,623,251
203,4,139,45
203,5,1131,135
203,11,179,46
203,15,544,312
203,17,571,16
203,18,288,20
203,22,566,15
203,23,49,453
203,24,182,30
204,1,206,480
204,2,627,251
204,4,136,46
204,5,1132,135
204,11,180,46
204,15,549,311
204,17,570,16
204,18,287,20
204,22,566,15
204,23,47,454
204,24,182,30
205,1,203,480
205,2,630,252
205,4,131,45
205,5,1134,136
205,11,180,46
205,15,553,311
205,17,569,16
205,18,286,20
205,22,565,15
205,23,45,456
205,24,182,30
206,1,200,480
206,2,634,252
206,4,129,45
206,5,1135,136
206,11,181,46
206,15,559,311
206,17,568,16
206,18,286,20
206,22,564,16
206,23,43,457
206,24,182,30
206,25,547,14
207,1,195,481
207,2,637,252
207,4,128,46
207,5,1137,137
207,11,182,46
207,15,564,312
207,17,567,16
207,18,285,20
207,22,563,16
207,23,40,459
207,24,182,31
207,25,546,14
208,1,191,481
208,4,129,46
208,5,1138,137
208,11,182,46
208,15,567,311
208,17,566,16
208,18,284,21
208,22,562,16
208,23,38,461
208,24,182,31
208,25,542,14
209,1,186,482
209,4,126,46
209,5,1140,138
209,11,183,47
209,15,570,312
209,17,565,17
209,18,284,21
209,22,561,16
209,23,36,462
209,24,182,31
209,25,541,15
210,1,182,483
210,4,125,46
210,11,184,47
210,15,572,312
210,17,564,17
210,18,283,21
210,22,560,16
210,23,38,452
210,24,182,31
210,25,540,15
211,1,178,485
211,4,129,46
211,11,184,47
211,15,575,313
211,17,563,17
211,22,559,16
211,23,36,452
211,24,182,31
211,25,538,15
212,1,175,487
212,4,120,47
212,11,185,47
212,15,576,314
212,17,562,17
212,22,558,17
212,23,35,453
212,24,182,32
212,25,536,15
213,1,171,489
213,4,123,47
213,11,185,47
213,15,578,311
213,17,560,17
213,22,557,17
213,23,33,453
213,24,182,32
213,25,536,15
214,1,167,491
214,4,116,47
214,11,186,47
214,15,579,317
214,17,559,17
214,22,556,17
214,23,31,454
214,24,182,32
214,25,535,15
215,1,163,492
215,4,107,47
215,11,187,48
215,15,581,320
215,17,558,18
215,22,555,17
215,23,29,454
215,24,182,32
215,25,535,15
216,1,159,495
216,4,107,47
216,11,187,48
216,15,582,322
216,17,557,18
216,22,554,17
216,23,27,455
216,24,182,32
216,25,534,15
216,26,26,455
217,1,156,495
217,4,102,47
217,11,188,48
217,15,585,325
217,17,556,18
217,22,553,17
217,23,25,455
217,24,182,33
217,25,534,15
217,26,24,457
218,1,153,496
218,4,101,47
218,11,188,48
218,15,587,325
218,17,555,18
218,22,553,17
218,23,24,456
218,24,182,33
218,25,536,15
218,26,22,459
219,1,150,497
219,4,98,48
219,11,189,48
219,15,589,326
219,17,554,18
219,22,552,18
219,23,22,456
219,24,182,33
219,25,534,15
219,26,19,460
220,1,148,500
220,4,94,49
220,11,190,48
220,15,592,328
220,17,553,18
220,22,551,18
220,23,20,457
220,24,182,33
220,25,533,15
220,26,17,462
221,1,146,503
221,4,93,49
221,11,190,49
221,15,593,329
221,17,552,18
221,22,550,18
221,23,18,457
221,24,182,33
221,25,532,16
221,26,15,463
221,28,172,33
222,1,143,505
222,4,99,49
222,11,191,49
222,15,597,329
222,17,551,19
222,22,549,18
222,23,16,458
222,24,182,34
222,25,531,16
222,26,13,464
222,28,170,33
223,1,140,507
223,4,107,50
223,11,192,49
223,15,599,330
223,17,550,19
223,22,548,18
223,23,14,458
223,24,182,34
223,25,531,16
223,26,11,466
223,28,169,33
224,1,138,508
224,4,109,50
224,11,192,49
224,15,602,330
224,17,549,19
224,22,547,18
224,23,12,459
224,24,182,34
224,25,530,16
224,26,10,467
224,28,168,33
225,1,136,509
225,4,112,52
225,11,193,49
225,15,606,330
225,17,548,19
225,22,546,19
225,23,11,459
225,24,182,34
225,25,528,16
225,26,8,469
225,28,167,33
226,1,134,510
226,4,95,51
226,11,193,49
226,15,608,330
226,17,547,19
226,22,545,19
226,23,9,460
226,24,182,34
226,25,526,16
226,26,6,470
226,28,166,33
227,1,132,510
227,4,88,51
227,11,194,49
227,15,611,330
227,17,546,19
227,22,544,19
227,23,7,460
227,24,182,35
227,25,525,16
227,26,4,471
227,28,165,33
228,1,129,510
228,4,84,51
228,11,195,50
228,15,613,330
228,22,543,19
228,23,5,461
228,24,182,35
228,25,524,17
228,26,2,473
228,28,164,33
229,1,126,510
229,4,80,51
229,11,195,50
229,15,614,330
229,22,542,19
229,23,3,461
229,24,182,35
229,25,520,16
229,26,0,474
229,28,164,33
230,1,124,510
230,4,79,51
230,11,196,50
230,15,615,329
230,22,518,17
230,23,1,462
230,24,182,35
230,25,519,16
230,26,-1,476
230,28,163,33
231,1,124,510
231,4,78,51
231,11,197,50
231,15,616,328
231,22,518,17
231,23,0,463
231,24,182,36
231,25,518,16
231,26,-3,477
231,28,162,33
232,1,119,510
232,4,78,51
232,11,197,50
232,15,616,329
232,22,516,17
232,23,-1,463
232,24,182,36
232,25,517,16
232,26,-5,478
232,28,161,33
233,1,115,510
233,4,79,52
233,11,198,50
233,15,617,329
233,22,514,17
233,23,-3,464
233,24,182,36
233,25,516,16
233,26,-7,480
233,28,160,33
234,1,112,510
234,4,79,51
234,11,198,51
234,15,618,330
234,22,515,17
234,23,-5,464
234,24,182,36
234,25,514,16
234,26,-8,481
234,28,159,33
235,1,109,510
235,4,78,51
235,11,199,51
235,15,618,329
235,22,514,17
235,23,-7,465
235,24,182,36
235,25,513,16
235,26,-10,483
235,28,152,34
236,1,106,510
236,4,78,51
236,11,200,51
236,15,617,330
236,22,512,17
236,23,-9,465
236,24,182,37
236,25,512,17
236,26,-12,484
236,28,151,34
237,1,102,510
237,4,77,51
237,11,200,51
237,15,617,327
237,22,511,17
237,23,-10,466
237,24,182,37
237,25,511,17
237,26,-14,485
237,28,149,34
238,1,99,510
238,4,73,51
238,11,201,51
238,15,619,328
238,22,510,17
238,23,-12,466
238,24,182,37
238,25,509,17
238,26,-16,487
238,28,146,34
239,1,95,511
239,4,70,51
239,11,202,51
239,15,622,328
239,22,512,16
239,23,-14,467
239,24,182,37
239,25,508,17
239,26,-18,488
239,28,145,34
240,1,91,512
240,4,67,51
240,11,202,52
240,15,624,328
240,22,511,16
240,23,-16,467
240,24,182,37
240,25,507,17
240,26,-20,490
240,28,143,34
241,1,88,512
241,4,69,51
241,11,203,52
241,15,626,327
241,22,510,16
241,23,-18,468
241,24,182,38
241,25,506,17
241,26,-22,491
241,28,142,34
242,1,85,513
242,4,68,51
242,11,203,52
242,15,628,329
242,22,503,18
242,23,-20,468
242,24,182,38
242,25,504,17
242,26,-24,493
242,28,140,34
243,1,82,513
243,4,66,51
243,11,204,52
243,15,631,331
243,22,501,18
243,23,-22,469
243,24,182,38
243,25,503,17
243,26,-25,494
243,28,138,34
243,29,183,11
244,1,78,514
244,4,63,51
244,11,205,52
244,15,633,330
244,22,499,18
244,23,-23,469
244,24,182,38
244,25,502,17
244,26,-27,495
244,28,137,34
244,29,186,10
245,1,75,514
245,4,58,51
245,11,205,52
245,15,636,330
245,22,497,18
245,23,-25,470
245,24,182,38
245,25,501,17
245,26,-29,497
245,28,129,35
245,29,188,11
246,1,72,515
246,4,56,52
246,11,206,53
246,15,639,333
246,22,496,19
246,23,-27,470
246,24,182,39
246,25,499,17
246,26,-31,498
246,28,126,35
246,29,187,11
247,1,69,515
247,4,55,52
247,11,207,53
247,15,642,335
247,22,494,19
247,23,-29,471
247,24,182,39
247,25,498,17
247,26,-33,500
247,28,124,36
247,29,188,10
247,30,185,11
248,1,66,515
248,4,56,52
248,11,207,53
248,15,644,336
248,22,492,19
248,23,-31,471
248,24,182,39
248,25,497,17
248,26,-35,501
248,28,129,35
248,29,188,10
248,30,188,11
249,1,63,516
249,4,56,53
249,11,38,53
249,15,647,339
249,22,491,19
249,23,-33,472
249,24,182,39
249,25,496,17
249,26,-37,502
249,28,123,36
249,29,189,10
249,30,190,11
250,1,59,516
250,4,55,54
250,11,34,53
250,15,649,341
250,22,489,19
250,23,-34,472
250,24,182,39
250,25,494,17
250,26,-39,504
250,28,121,36
250,29,190,10
250,30,192,11
251,1,56,517
251,4,54,54
251,11,37,52
251,15,652,344
251,22,487,19
251,23,-36,473
251,24,182,40
251,25,493,17
251,26,-41,505
251,28,119,36
251,29,191,10
251,30,194,11
252,1,53,517
252,4,52,54
252,11,34,52
252,15,655,346
252,22,486,20
252,23,-38,474
252,24,182,40
252,25,492,17
252,26,-43,507
252,28,119,37
252,29,192,10
252,30,195,11
253,1,50,518
253,4,51,54
253,11,31,52
253,15,657,348
253,22,484,20
253,23,-40,474
253,24,182,40
253,25,491,18
253,26,-44,508
253,28,117,36
253,29,192,10
253,30,197,11
254,1,47,518
254,4,49,54
254,11,29,52
254,15,658,349
254,22,482,20
254,23,-42,475
254,24,182,40
254,25,489,18
254,26,-46,509
254,28,116,35
254,29,193,10
254,30,198,11
255,1,44,519
255,4,48,56
255,11,26,52
255,15,659,350
255,22,481,20
255,23,-44,475
255,24,182,40
255,25,488,18
255,26,-48,511
255,28,117,35
255,29,194,10
255,30,198,11
256,1,40,519
256,4,46,58
256,11,23,52
256,15,661,351
256,22,479,20
256,23,-46,476
256,24,182,41
256,25,487,18
256,26,-50,512
256,28,119,35
256,29,195,10
256,30,199,12
257,1,37,519
257,4,44,59
257,11,20,52
257,15,665,352
257,22,488,21
257,23,-47,476
257,24,182,41
257,25,486,18
257,26,-52,514
257,28,118,35
257,29,195,10
257,30,199,12
258,1,34,520
258,4,42,59
258,11,17,52
258,15,668,352
258,22,475,21
258,23,-49,477
258,24,182,41
258,25,484,18
258,26,-54,515
258,28,117,35
258,29,196,10
258,30,199,12
259,1,31,520
259,4,38,59
259,11,14,52
259,15,668,343
259,22,473,21
259,23,-51,477
259,24,182,41
259,25,483,18
259,26,-56,516
259,28,116,35
259,29,197,9
259,30,199,12
260,1,28,521
260,4,38,59
260,11,11,51
260,15,669,334
260,22,471,21
260,23,-53,478
260,24,182,42
260,25,482,18
260,26,-58,518
260,28,115,35
260,29,198,9
260,30,199,12
261,1,24,521
261,4,37,58
261,11,8,51
261,15,673,326
261,22,469,22
261,23,-55,478
261,25,481,18
261,26,-60,519
261,28,114,35
261,29,199,9
261,30,200,12
262,1,21,522
262,4,32,58
262,11,5,51
262,15,686,319
262,22,467,22
262,23,-57,479
262,25,479,18
262,26,-62,521
262,28,113,35
262,29,199,9
262,30,202,13
263,1,18,522
263,4,30,59
263,11,2,51
263,15,695,313
263,22,464,22
263,23,-58,479
263,25,478,18
263,26,-63,522
263,28,112,35
263,29,200,9
263,30,202,13
264,1,15,523
264,4,28,59
264,11,0,51
264,15,701,310
264,22,462,22
264,23,-60,480
264,25,477,18
264,26,-65,523
264,28,111,35
264,29,201,9
264,30,202,13
264,32,195,11
265,1,12,523
265,4,26,58
265,11,39,55
265,15,701,305
265,22,464,21
265,23,-62,480
265,25,476,18
265,26,-67,525
265,28,110,35
265,29,202,9
265,30,202,14
265,32,197,12
266,1,9,523
266,4,24,58
266,11,38,56
266,15,705,303
266,22,462,21
266,23,-64,481
266,25,474,18
266,26,-69,526
266,28,110,35
266,29,202,9
266,30,203,14
266,32,199,11
267,1,5,524
267,4,26,63
267,11,38,56
267,15,706,302
267,22,459,21
267,23,-66,481
267,25,473,18
267,26,-71,528
267,28,109,34
267,29,203,9
267,30,203,14
267,32,200,11
268,1,2,524
268,4,24,63
268,11,38,56
268,15,707,301
268,22,460,21
268,23,-68,482
268,25,472,18
268,26,-73,529
268,28,108,34
268,29,204,9
268,30,204,14
268,32,201,12
269,1,0,525
269,4,22,64
269,11,37,56
269,15,709,301
269,22,457,21
269,23,-69,482
269,25,471,18
269,26,-75,530
269,28,107,34
269,29,205,9
269,30,204,14
269,32,202,12
270,1,-3,525
270,4,26,65
270,11,37,57
270,15,710,300
270,22,456,21
270,23,-71,483
270,25,470,19
270,26,-77,532
270,28,106,34
270,29,205,9
270,30,206,13
270,32,204,12
271,1,-6,526
271,4,26,84
271,11,37,57
271,15,712,301
271,22,453,21
271,25,468,19
271,26,-79,533
271,28,105,34
271,29,207,13
271,30,207,14
271,32,205,12
272,1,-9,526
272,4,26,94
272,11,37,57
272,15,714,302
272,22,451,21
272,25,467,19
272,26,-80,535
272,28,104,34
272,29,206,14
272,30,208,14
272,32,206,12
273,1,-13,527
273,4,27,96
273,11,36,57
273,15,716,304
273,22,450,21
273,25,466,19
273,26,-82,536
273,28,103,34
273,29,208,14
273,30,208,14
273,32,207,12
274,1,-16,527
274,4,26,98
274,11,36,57
274,15,721,306
274,22,450,22
274,25,465,19
274,26,-84,538
274,28,102,34
274,29,207,14
274,30,209,14
274,32,208,12
275,1,-19,528
275,4,26,101
275,11,36,58
275,15,725,308
275,22,448,22
275,25,463,19
275,26,-86,539
275,28,101,34
275,29,207,13
275,30,210,14
275,32,210,12
276,1,-22,528
276,4,25,104
276,11,36,58
276,15,728,309
276,22,449,22
276,25,462,19
276,26,-88,540
276,28,100,34
276,29,207,13
276,30,211,14
276,32,211,12
277,1,-25,528
277,4,25,108
277,11,35,58
277,15,731,310
277,22,451,22
277,25,461,19
277,26,-90,542
277,28,99,34
277,29,208,13
277,30,212,14
277,32,212,12
278,1,-29,529
278,4,24,111
278,11,35,58
278,15,734,311
278,22,451,22
278,25,460,19
278,26,-92,543
278,28,98,34
278,29,208,13
278,30,212,14
278,32,213,12
279,1,-32,529
279,4,24,114
279,11,35,59
279,15,735,312
279,22,448,22
279,25,458,19
279,26,-94,545
279,28,97,34
279,29,208,13
279,30,213,14
279,32,215,12
280,1,-35,530
280,4,23,117
280,11,35,59
280,15,738,314
280,22,445,22
280,25,457,19
280,26,-96,546
280,28,96,34
280,29,209,13
280,30,214,14
280,32,216,12
281,1,-38,530
281,4,22,120
281,11,34,59
281,15,738,316
281,22,443,23
281,25,456,19
281,28,95,34
281,29,209,13
281,30,215,14
281,32,217,13
282,1,-41,531
282,4,22,124
282,11,34,59
282,15,742,318
282,22,442,23
282,25,455,19
282,28,66,44
282,29,210,13
282,30,216,14
282,32,218,13
282,33,222,13
283,1,-44,531
283,4,21,127
283,11,34,59
283,15,745,318
283,22,441,24
283,25,453,19
283,28,64,45
283,29,210,13
283,30,216,14
283,32,219,13
283,33,222,14
284,1,-48,532
284,4,21,130
284,11,34,60
284,15,747,319
284,22,441,24
284,25,452,19
284,28,62,45
284,29,211,13
284,30,217,15
284,32,221,13
284,33,223,15
285,1,-51,532
285,4,20,133
285,11,33,60
285,15,747,319
285,22,440,24
285,25,451,19
285,28,60,46
285,29,211,13
285,30,218,15
285,32,222,13
285,33,224,15
286,1,-54,532
286,4,20,118
286,11,33,60
286,15,749,319
286,22,438,24
286,25,450,20
286,28,59,42
286,29,212,13
286,30,219,15
286,32,223,13
286,33,225,16
287,1,-57,533
287,4,19,117
287,11,33,60
287,15,749,319
287,22,435,24
287,25,448,20
287,28,55,42
287,29,212,13
287,30,220,15
287,32,224,13
287,33,225,15
288,1,-60,533
288,4,18,118
288,11,33,61
288,15,750,319
288,22,433,24
288,25,447,20
288,28,52,44
288,29,213,13
288,30,220,15
288,32,226,13
288,33,225,15
289,1,-63,534
289,4,17,120
289,11,32,61
289,15,751,318
289,22,431,24
289,25,446,20
289,28,51,46
289,29,213,13
289,30,221,15
289,32,227,13
289,33,225,14
290,1,-67,534
290,4,17,121
290,11,32,61
290,15,750,317
290,22,429,24
290,28,51,46
290,29,214,13
290,30,222,15
290,32,228,13
290,33,225,14
291,1,-70,535
291,4,16,123
291,11,32,61
291,15,751,316
291,22,426,24
291,28,51,44
291,29,214,12
291,30,223,15
291,32,229,13
291,33,227,15
292,1,-73,535
292,4,16,124
292,11,31,62
292,15,753,317
292,22,421,24
292,28,50,43
292,29,215,12
292,30,223,15
292,32,230,13
292,33,227,16
293,1,-76,536
293,4,15,126
293,11,31,62
293,15,756,318
293,22,417,24
293,28,50,42
293,29,215,12
293,30,224,15
293,32,232,13
293,33,227,17
294,1,-79,536
294,4,14,127
294,11,31,62
294,15,758,318
294,22,414,24
294,28,49,42
294,29,216,12
294,30,225,15
294,32,233,13
294,33,228,17
295,1,-82,537
295,4,14,129
295,11,31,62
295,15,760,316
295,22,411,24
295,28,49,42
295,29,216,12
295,30,226,15
295,32,234,13
295,33,228,17
296,1,-86,537
296,4,13,130
296,11,30,62
296,15,762,315
296,22,409,24
296,28,48,42
296,29,216,12
296,30,227,16
296,32,235,14
296,33,228,17
297,1,-89,537
297,4,13,132
297,11,30,63
297,15,766,316
297,22,408,23
297,28,47,42
297,29,217,12
297,30,227,16
297,32,237,14
297,33,229,18
298,1,-92,538
298,4,12,133
298,11,30,63
298,15,769,316
298,22,407,23
298,28,46,42
298,29,217,12
298,30,228,16
298,32,238,14
298,33,229,18
299,1,-95,538
299,4,11,135
299,11,30,63
299,15,772,318
299,22,408,23
299,28,45,42
299,29,218,12
299,30,229,16
299,32,239,14
299,33,230,18
300,1,-98,539
300,4,11,136
300,11,29,63
300,15,774,319
300,22,409,24
300,28,44,42
300,29,218,12
300,30,230,16
300,32,240,14
300,33,230,19
301,4,10,138
301,11,29,64
301,15,775,319
301,22,409,25
301,28,43,42
301,29,219,12
301,30,231,16
301,32,241,14
301,33,231,19
302,4,9,139
302,11,29,64
302,15,780,322
302,22,408,25
302,28,42,42
302,29,219,12
302,30,231,16
302,32,243,14
302,33,231,19
303,4,9,141
303,11,29,64
303,15,783,324
303,22,407,25
303,28,41,42
303,29,220,12
303,30,232,16
303,32,244,14
303,33,234,19
304,4,8,142
304,11,28,64
304,15,785,326
304,22,406,25
304,28,40,42
304,29,220,12
304,30,233,16
304,32,245,14
304,33,243,18
305,4,8,144
305,11,28,64
305,15,789,328
305,22,405,25
305,28,34,44
305,29,248,16
305,30,234,16
305,32,246,14
305,33,244,19
306,4,7,146
306,11,28,65
306,15,792,329
306,22,403,26
306,28,32,44
306,29,250,16
306,30,235,16
306,32,247,14
306,33,244,19
307,4,6,147
307,11,28,65
307,15,796,330
307,22,418,26
307,28,31,44
307,29,251,16
307,30,235,16
307,32,249,14
307,33,246,19
308,4,6,149
308,11,27,65
308,15,798,331
308,22,418,26
308,28,29,44
308,29,253,17
308,30,236,17
308,32,250,14
308,33,248,18
309,4,5,150
309,11,27,65
309,15,801,332
309,22,412,27
309,28,28,44
309,29,254,17
309,30,237,17
309,32,251,14
309,33,251,18
310,4,5,152
310,11,27,66
310,15,802,335
310,22,408,27
310,28,26,45
310,29,256,17
310,30,238,17
310,32,252,14
310,33,252,18
310,34,250,15
311,4,4,153
311,11,27,66
311,15,804,336
311,22,405,28
311,28,25,45
311,29,257,17
311,30,238,17
311,32,254,15
311,33,254,19
311,34,249,14
312,4,3,155
312,11,26,66
312,15,805,338
312,22,404,29
312,28,23,45
312,29,259,17
312,30,239,17
312,32,255,15
312,33,255,19
312,34,251,14
313,4,3,156
313,11,26,66
313,15,808,339
313,22,402,29
313,28,22,45
313,29,260,17
313,30,240,17
313,32,256,15
313,33,256,19
313,34,252,13
314,4,2,158
314,11,26,66
314,15,809,340
314,22,400,29
314,28,20,45
314,29,262,17
314,30,241,17
314,32,257,15
314,33,258,19
314,34,253,13
315,4,1,159
315,11,25,67
315,15,811,340
315,22,398,29
315,28,19,45
315,29,263,18
315,30,242,17
315,32,258,15
315,33,258,19
315,34,254,13
316,4,1,161
316,11,25,67
316,15,812,340
316,22,396,29
316,28,17,45
316,29,265,18
316,30,242,17
316,32,260,15
316,33,258,19
316,34,255,12
317,4,0,162
317,11,25,67
317,15,815,340
317,22,394,29
317,28,16,45
317,29,266,18
317,30,243,17
317,32,261,15
317,33,259,19
317,34,256,12
318,4,0,164
318,11,25,67
318,15,818,339
318,22,391,29
318,28,14,46
318,29,268,18
318,30,244,17
318,32,262,15
318,33,258,19
318,34,257,12
319,4,0,165
319,11,24,68
319,15,821,338
319,22,387,29
319,28,13,46
319,29,269,18
319,30,245,17
319,32,263,15
319,33,256,19
319,34,257,11
320,4,-1,167
320,11,24,68
320,15,824,338
320,22,384,29
320,28,11,46
320,29,271,18
320,30,246,18
320,32,265,15
320,33,256,19
320,34,258,11
321,4,-1,168
321,11,24,68
321,15,827,338
321,22,379,29
321,28,10,46
321,29,272,18
321,30,246,18
321,32,266,15
321,33,257,19
321,34,259,11
322,4,-2,170
322,11,24,68
322,15,830,336
322,22,376,29
322,28,8,46
322,29,274,18
322,30,247,18
322,32,267,15
322,33,260,20
322,34,260,10
323,4,-2,171
323,11,23,68
323,15,834,336
323,22,372,29
323,28,7,46
323,29,275,19
323,30,248,18
323,32,268,15
323,33,260,20
323,34,261,10
324,4,-3,173
324,11,23,69
324,15,838,337
324,22,371,28
324,28,5,46
324,29,277,19
324,30,249,18
324,32,269,15
324,33,259,21
324,34,262,10
325,4,-4,174
325,11,23,69
325,15,842,336
325,22,369,28
325,28,4,46
325,29,278,19
325,30,250,18
325,32,271,15
325,33,260,21
325,34,263,9
326,4,-4,176
326,15,847,336
326,22,368,29
326,28,2,47
326,29,280,19
326,30,250,18
326,32,272,16
326,33,260,21
326,34,263,9
327,4,-5,177
327,15,852,336
327,22,367,29
327,28,1,47
327,29,281,19
327,30,251,18
327,32,273,16
327,33,261,21
327,34,264,9
328,4,-5,179
328,15,858,336
328,22,367,29
328,28,0,47
328,29,283,19
328,30,252,18
328,32,274,16
328,33,265,20
328,34,265,9
329,4,-6,180
329,15,862,336
329,22,361,29
329,28,-1,47
329,29,284,19
329,30,253,18
329,33,266,20
329,34,266,8
330,4,-7,182
330,15,867,336
330,22,357,29
330,28,-3,47
330,29,286,19
330,30,253,18
330,33,269,20
330,34,267,8
331,4,-7,184
331,15,871,337
331,22,359,29
331,28,-4,47
331,29,287,20
331,33,271,21
331,34,268,8
332,4,-8,185
332,15,872,338
332,22,360,29
332,28,-6,47
332,29,289,20
332,33,272,21
332,34,269,7
333,4,-9,187
333,15,876,340
333,22,359,29
333,28,-7,47
333,29,290,20
333,33,306,27
333,34,269,7
334,4,-9,188
334,15,879,341
334,22,359,29
334,28,-9,48
334,29,292,20
334,33,316,28
334,34,270,7
335,4,-10,190
335,15,880,343
335,22,360,29
335,28,-10,48
335,29,293,20
335,33,321,29
335,34,271,6
336,4,-10,191
336,15,882,346
336,22,362,29
336,28,-12,48
336,29,295,20
336,33,326,30
336,34,272,6
337,4,-11,193
337,15,884,348
337,22,359,29
337,28,-13,48
337,29,296,20
337,33,331,31
337,34,273,6
337,36,318,29
338,4,-12,194
338,15,886,350
338,22,357,29
338,28,-15,48
338,29,298,21
338,33,337,32
338,34,274,5
338,36,317,29
339,4,-12,196
339,15,887,351
339,22,352,31
339,28,-16,48
339,29,299,21
339,33,342,32
339,34,275,5
339,36,317,29
340,4,-13,197
340,15,888,353
340,22,349,32
340,28,-18,48
340,29,301,21
340,33,347,33
340,34,275,5
340,36,317,29
341,4,-13,199
341,15,889,354
341,22,350,31
341,28,-19,48
341,29,276,21
341,33,352,34
341,34,276,4
341,36,317,29
342,4,-14,200
342,15,895,354
342,22,350,31
342,28,-21,49
342,29,275,21
342,33,357,35
342,34,277,4
342,36,317,29
343,4,-15,202
343,15,900,356
343,22,348,32
343,28,-22,49
343,29,275,21
343,33,362,36
343,34,278,4
343,36,316,29
344,4,-15,203
344,15,904,358
344,22,347,32
344,28,-24,49
344,29,276,21
344,33,368,37
344,34,279,3
344,36,316,29
345,4,-16,205
345,15,906,359
345,22,341,30
345,28,-25,49
345,29,276,21
345,33,373,37
345,34,280,3
345,36,316,30
346,4,-16,206
346,15,909,359
346,22,339,30
346,28,-27,49
346,29,276,21
346,33,378,38
346,34,281,3
346,36,316,30
347,4,-17,208
347,15,912,360
347,22,337,30
347,28,-28,49
347,29,276,21
347,33,383,39
347,34,281,2
347,36,316,30
348,15,914,360
348,22,335,30
348,28,-30,49
348,29,277,21
348,33,388,40
348,34,282,2
348,36,307,29
349,15,915,359
349,22,333,28
349,28,-31,49
349,29,277,21
349,33,393,41
349,34,283,2
349,36,305,29
350,15,917,359
350,22,331,27
350,28,-33,50
350,29,277,21
350,33,399,41
350,34,284,1
350,36,304,29
351,15,919,359
351,22,329,27
351,28,-34,50
351,29,278,21
351,33,404,42
351,34,285,1
351,36,303,29
352,15,921,357
352,22,325,24
352,28,-36,50
352,29,301,30
352,33,409,43
352,34,286,1
352,36,302,29
353,15,923,356
353,22,323,24
353,28,-37,50
353,29,304,31
353,33,414,44
353,34,287,1
353,36,301,25
354,15,926,356
354,22,321,23
354,28,-39,50
354,29,306,31
354,33,287,22
354,34,287,0
354,36,302,23
355,15,929,356
355,22,319,23
355,28,-40,50
355,29,308,32
355,33,286,22
355,34,288,0
355,36,309,23
356,15,936,357
356,22,317,22
356,28,-42,50
356,29,311,33
356,33,285,22
356,34,289,0
356,36,307,24
357,15,939,356
357,22,315,22
357,28,-43,50
357,29,313,34
357,33,283,22
357,34,290,0
357,36,307,25
358,15,942,356
358,22,313,21
358,28,-45,51
358,29,315,35
358,33,282,21
358,34,291,0
358,36,309,26
359,15,944,357
359,22,310,21
359,28,-46,51
359,29,318,35
359,33,280,21
359,34,292,0
359,36,309,27
360,15,952,358
360,22,308,20
360,28,-48,51
360,29,320,36
360,33,279,21
360,34,292,-1
360,36,309,27
361,15,956,361
361,22,306,31
361,28,-49,51
361,29,322,37
361,33,278,20
361,34,293,-1
361,36,309,28
362,15,959,363
362,22,304,32
362,28,-51,51
362,29,325,38
362,33,276,20
362,34,294,-1
362,36,309,28
363,15,960,365
363,22,302,32
363,28,-53,51
363,29,327,38
363,33,275,20
363,34,295,-2
363,36,309,28
364,15,961,366
364,22,301,33
364,28,-54,51
364,29,329,39
364,33,274,20
364,34,296,-2
364,36,309,28
365,15,962,367
365,22,299,32
365,28,-56,51
365,29,332,40
365,33,272,19
365,34,297,-2
365,36,310,28
366,15,963,367
366,22,298,32
366,29,334,41
366,33,271,19
366,34,298,-3
366,36,310,29
367,15,965,367
367,22,296,32
367,29,336,42
367,33,269,19
367,34,298,-3
367,36,310,29
368,15,966,368
368,22,294,32
368,29,339,42
368,33,268,18
368,34,299,-3
368,36,310,29
369,15,967,371
369,22,292,33
369,29,341,43
369,33,267,18
369,34,300,-4
369,36,310,29
370,15,968,374
370,22,289,34
370,29,343,44
370,33,265,18
370,34,301,-4
370,36,310,29
371,15,968,377
371,22,288,36
371,29,346,45
371,33,264,18
371,34,302,-4
371,36,311,29
372,15,970,378
372,22,288,36
372,29,348,46
372,33,263,17
372,34,303,-5
372,36,311,30
373,15,972,380
373,22,288,36
373,29,350,46
373,33,261,17
373,34,304,-5
373,36,311,30
374,15,974,381
374,22,291,37
374,29,353,47
374,33,260,17
374,36,311,30
375,15,975,382
375,22,291,37
375,29,355,48
375,33,258,16
375,36,311,30
376,15,977,384
376,22,287,37
376,29,357,49
376,33,257,16
376,36,311,30
377,15,979,385
377,22,286,37
377,29,360,49
377,33,256,16
377,36,312,31
378,15,981,387
378,22,287,37
378,29,362,50
378,33,254,16
378,36,312,31
379,15,983,388
379,22,279,37
379,29,364,51
379,33,253,15
379,36,312,31
380,15,984,390
380,22,276,37
380,29,367,52
380,33,252,15
380,36,312,31
381,15,986,391
381,22,272,37
381,29,369,53
381,33,250,15
381,36,312,31
382,15,988,392
382,22,272,37
382,29,371,53
382,33,332,29
382,36,299,37
383,15,990,394
383,22,274,37
383,29,374,54
383,33,334,29
383,36,301,36
384,15,992,395
384,22,274,37
384,29,376,55
384,33,336,30
384,36,300,37
385,15,993,397
385,22,274,37
385,29,378,56
385,33,337,30
385,36,300,37
386,15,995,398
386,22,274,37
386,29,380,57
386,33,338,29
386,36,300,37
387,15,994,376
387,22,270,37
387,29,383,57
387,33,337,29
387,36,299,38
388,15,995,376
388,22,268,36
388,29,385,58
388,33,333,30
388,36,299,38
389,15,997,376
389,22,269,36
389,29,387,59
389,33,334,29
389,36,299,38
390,15,998,377
390,22,269,36
390,29,390,60
390,33,336,29
390,36,299,39
391,15,1000,377
391,22,264,36
391,29,392,61
391,33,338,29
391,36,298,39
392,15,1001,377
392,22,260,36
392,29,394,61
392,33,340,29
392,36,298,39
393,15,1003,377
393,22,263,36
393,29,397,62
393,33,342,29
393,36,298,40
394,15,1005,377
394,22,263,37
394,29,399,63
394,33,344,29
394,36,297,40
395,15,1006,377
395,22,264,37
395,29,401,64
395,33,347,29
395,36,297,41
396,15,1008,377
396,22,262,37
396,29,404,64
396,33,348,29
396,36,297,41
397,15,1009,377
397,22,261,37
397,29,406,65
397,33,349,29
397,36,297,41
398,15,1011,377
398,22,260,37
398,29,408,66
398,33,350,29
398,36,296,42
399,15,1013,378
399,22,259,36
399,29,411,67
399,33,351,30
399,36,296,42
400,15,1017,399
400,22,256,36
400,29,413,68
400,33,351,30
400,36,296,42
401,15,1019,400
401,22,254,36
401,29,415,68
401,33,351,29
401,36,295,43
402,15,1021,400
402,22,252,36
402,29,418,69
402,33,352,30
402,36,295,43
403,15,1022,401
403,22,251,36
403,29,420,70
403,33,352,30
403,36,295,43
404,15,1024,402
404,22,250,36
404,29,422,71
404,33,353,31
404,36,295,44
405,15,1026,403
405,22,248,36
405,29,425,72
405,33,354,31
405,36,294,44
406,15,1027,405
406,22,244,37
406,29,427,72
406,33,355,32
406,36,294,44
407,15,1029,406
407,22,239,37
407,29,429,73
407,33,356,32
407,36,294,45
408,15,1031,407
408,22,237,37
408,29,432,74
408,33,357,30
408,36,293,45
409,15,1033,408
409,22,233,37
409,29,434,75
409,33,359,29
409,36,293,46
410,15,1034,410
410,22,231,37
410,29,436,76
410,33,360,29
410,36,293,46
411,15,1036,411
411,22,229,37
411,29,439,76
411,33,361,29
411,36,293,46
412,15,1038,412
412,22,227,37
412,29,441,77
412,33,362,29
412,36,292,47
413,15,1040,413
413,22,215,39
413,33,365,31
413,36,292,47
414,15,1041,415
414,22,212,36
414,33,366,32
414,36,292,47
415,15,1043,416
415,22,211,38
415,33,367,32
415,36,291,48
416,15,1045,417
416,22,208,38
416,33,369,32
416,36,291,48
416,43,21,66
417,15,1047,418
417,22,208,37
417,33,370,31
417,36,291,48
417,43,25,65
418,15,1048,420
418,22,208,38
418,33,372,31
418,36,291,49
418,43,26,65
419,15,1050,421
419,22,205,38
419,33,373,32
419,36,290,49
419,43,27,66
420,15,1052,422
420,22,203,39
420,33,375,33
420,36,290,50
420,43,27,65
420,46,1033,145
421,15,1054,423
421,22,201,40
421,33,376,34
421,36,290,50
421,43,28,66
421,46,1033,147
422,15,1055,424
422,22,199,41
422,33,377,34
422,36,289,50
422,43,27,66
422,46,1033,149
423,15,1057,426
423,22,198,41
423,33,378,34
423,36,289,51
423,43,28,67
423,46,1033,147
424,15,1059,427
424,22,196,42
424,33,379,34
424,36,289,51
424,43,28,67
424,46,1033,146
425,15,1061,428
425,22,194,42
425,33,380,34
425,36,289,51
425,43,28,67
425,46,1034,156
426,15,1062,429
426,22,192,43
426,33,380,34
426,36,288,52
426,43,27,67
426,46,1034,159
427,15,1064,431
427,22,190,43
427,33,381,34
427,36,288,52
427,43,26,66
427,46,1034,160
427,47,1036,205
428,15,1066,432
428,22,188,44
428,33,382,34
428,36,288,52
428,43,27,66
428,46,1035,162
428,47,1036,205
429,15,1068,433
429,22,188,43
429,33,383,34
429,36,287,53
429,43,27,66
429,46,1036,162
429,47,1037,206
430,15,1069,434
430,22,191,43
430,33,384,34
430,36,287,53
430,43,26,66
430,46,1036,162
430,47,1037,204
431,15,1071,436
431,22,190,44
431,33,386,34
431,36,287,53
431,43,26,68
431,46,1036,162
431,47,1037,203
432,15,1073,437
432,22,188,46
432,33,388,34
432,36,287,54
432,43,27,68
432,46,1036,161
432,47,1036,202
433,15,1075,438
433,22,186,46
433,33,388,34
433,36,286,54
433,43,27,66
433,46,1035,160
433,47,1036,202
434,15,1076,439
434,22,183,47
434,33,389,34
434,36,286,55
434,43,27,66
434,46,1035,160
434,47,1036,202
435,15,1078,441
435,22,178,47
435,33,391,35
435,36,286,55
435,43,28,68
435,46,1035,161
435,47,1035,204
436,15,1080,442
436,22,176,47
436,33,392,35
436,36,285,55
436,43,29,68
436,46,1035,162
436,47,1036,206
437,15,1082,443
437,22,173,47
437,33,393,35
437,36,285,56
437,43,30,76
437,46,1035,162
437,47,1036,207
438,15,1083,444
438,22,171,47
438,33,394,35
438,36,285,56
438,43,32,77
438,46,1036,163
438,47,1036,207
439,15,1085,446
439,22,168,47
439,33,393,35
439,36,285,56
439,43,36,72
439,46,1036,164
439,47,1036,207
440,15,1087,447
440,22,167,46
440,33,393,35
440,36,284,57
440,43,36,71
440,46,1036,165
440,47,1036,208
441,15,1089,448
441,22,166,47
441,33,395,36
441,36,284,57
441,43,38,72
441,46,1036,166
441,47,1031,208
442,15,1090,449
442,22,165,46
442,33,395,37
442,36,284,57
442,43,38,77
442,46,1036,167
442,47,1027,208
443,15,1092,450
443,22,165,46
443,33,395,38
443,36,283,58
443,43,39,75
443,46,1036,168
443,47,1026,208
444,15,1094,452
444,22,166,46
444,33,396,38
444,43,39,77
444,46,1036,168
444,47,1025,208
445,15,1096,453
445,22,165,46
445,33,398,38
445,43,40,76
445,46,1036,169
445,47,1025,208
446,15,1097,454
446,22,163,45
446,33,399,37
446,43,40,76
446,46,1037,170
446,47,1026,209
447,15,1099,455
447,22,162,45
447,33,400,37
447,43,38,74
447,46,1037,171
447,47,1025,209
448,15,1101,457
448,22,159,46
448,33,402,36
448,43,38,74
448,46,1037,172
448,47,1031,213
449,15,1102,458
449,22,159,46
449,33,405,35
449,43,38,76
449,46,1037,173
449,47,1029,216
450,15,1104,459
450,22,160,46
450,33,406,36
450,43,38,78
450,46,1037,173
450,47,1024,217
451,15,1106,460
451,22,161,46
451,33,409,37
451,43,37,86
451,46,1037,174
451,47,1019,218
452,15,1108,462
452,22,159,46
452,33,410,37
452,43,38,79
452,46,1037,175
452,47,1018,219
453,15,1109,463
453,22,157,46
453,33,413,38
453,43,39,77
453,46,1037,176
453,47,1016,220
453,50,1034,218
454,15,1111,464
454,22,153,46
454,33,415,39
454,43,39,75
454,46,1037,177
454,47,1015,220
454,50,1034,218
455,15,1113,465
455,22,148,46
455,33,417,39
455,43,40,75
455,46,1038,178
455,47,1014,220
455,50,1016,197
456,15,1115,467
456,22,144,47
456,33,418,37
456,43,41,72
456,46,1038,179
456,47,1017,222
456,50,1013,191
457,15,1116,468
457,22,144,46
457,33,420,38
457,43,41,72
457,46,1038,179
457,47,1015,219
457,50,1008,184
458,15,1118,469
458,22,148,46
458,33,421,39
458,43,41,71
458,46,1038,180
458,47,1014,219
458,50,1013,190
459,15,1120,470
459,22,143,47
459,33,422,38
459,43,42,71
459,46,1038,181
459,47,1013,219
459,50,1010,186
